Ad Group,Keyword,Campaign,Criterion Type
sofas,sofas buy,SEM_Sofas,Exact
sofas,sofas price,SEM_Sofas,Exact
sofas,sofas discount,SEM_Sofas,Exact
sofas,sofas shop,SEM_Sofas,Exact
sofas,sofas sale,SEM_Sofas,Exact
sofas,sofas discounts,SEM_Sofas,Exact
sofas,sofas buy online,SEM_Sofas,Exact
sofas,sofas best price,SEM_Sofas,Exact
sofas,sofas lowest price,SEM_Sofas,Exact
sofas,sofas offer,SEM_Sofas,Exact
convertible sofas,convertible sofas buy,SEM_Sofas,Exact
convertible sofas,convertible sofas price,SEM_Sofas,Exact
convertible sofas,convertible sofas discount,SEM_Sofas,Exact
convertible sofas,convertible sofas shop,SEM_Sofas,Exact
convertible sofas,convertible sofas sale,SEM_Sofas,Exact
convertible sofas,convertible sofas discounts,SEM_Sofas,Exact
convertible sofas,convertible sofas buy online,SEM_Sofas,Exact
convertible sofas,convertible sofas best price,SEM_Sofas,Exact
convertible sofas,convertible sofas lowest price,SEM_Sofas,Exact
convertible sofas,convertible sofas offer,SEM_Sofas,Exact
love seats,love seats buy,SEM_Sofas,Exact
love seats,love seats price,SEM_Sofas,Exact
love seats,love seats discount,SEM_Sofas,Exact
love seats,love seats shop,SEM_Sofas,Exact
love seats,love seats sale,SEM_Sofas,Exact
love seats,love seats discounts,SEM_Sofas,Exact
love seats,love seats buy online,SEM_Sofas,Exact
love seats,love seats best price,SEM_Sofas,Exact
love seats,love seats lowest price,SEM_Sofas,Exact
love seats,love seats offer,SEM_Sofas,Exact
recliners,recliners buy,SEM_Sofas,Exact
recliners,recliners price,SEM_Sofas,Exact
recliners,recliners discount,SEM_Sofas,Exact
recliners,recliners shop,SEM_Sofas,Exact
recliners,recliners sale,SEM_Sofas,Exact
recliners,recliners discounts,SEM_Sofas,Exact
recliners,recliners buy online,SEM_Sofas,Exact
recliners,recliners best price,SEM_Sofas,Exact
recliners,recliners lowest price,SEM_Sofas,Exact
recliners,recliners offer,SEM_Sofas,Exact
sofa beds,sofa beds buy,SEM_Sofas,Exact
sofa beds,sofa beds price,SEM_Sofas,Exact
sofa beds,sofa beds discount,SEM_Sofas,Exact
sofa beds,sofa beds shop,SEM_Sofas,Exact
sofa beds,sofa beds sale,SEM_Sofas,Exact
sofa beds,sofa beds discounts,SEM_Sofas,Exact
sofa beds,sofa beds buy online,SEM_Sofas,Exact
sofa beds,sofa beds best price,SEM_Sofas,Exact
sofa beds,sofa beds lowest price,SEM_Sofas,Exact
sofa beds,sofa beds offer,SEM_Sofas,Exact
sofas,sofas buy,SEM_Sofas,Phrase
sofas,sofas price,SEM_Sofas,Phrase
sofas,sofas discount,SEM_Sofas,Phrase
sofas,sofas shop,SEM_Sofas,Phrase
sofas,sofas sale,SEM_Sofas,Phrase
sofas,sofas discounts,SEM_Sofas,Phrase
sofas,sofas buy online,SEM_Sofas,Phrase
sofas,sofas best price,SEM_Sofas,Phrase
sofas,sofas lowest price,SEM_Sofas,Phrase
sofas,sofas offer,SEM_Sofas,Phrase
convertible sofas,convertible sofas buy,SEM_Sofas,Phrase
convertible sofas,convertible sofas price,SEM_Sofas,Phrase
convertible sofas,convertible sofas discount,SEM_Sofas,Phrase
convertible sofas,convertible sofas shop,SEM_Sofas,Phrase
convertible sofas,convertible sofas sale,SEM_Sofas,Phrase
convertible sofas,convertible sofas discounts,SEM_Sofas,Phrase
convertible sofas,convertible sofas buy online,SEM_Sofas,Phrase
convertible sofas,convertible sofas best price,SEM_Sofas,Phrase
convertible sofas,convertible sofas lowest price,SEM_Sofas,Phrase
convertible sofas,convertible sofas offer,SEM_Sofas,Phrase
love seats,love seats buy,SEM_Sofas,Phrase
love seats,love seats price,SEM_Sofas,Phrase
love seats,love seats discount,SEM_Sofas,Phrase
love seats,love seats shop,SEM_Sofas,Phrase
love seats,love seats sale,SEM_Sofas,Phrase
love seats,love seats discounts,SEM_Sofas,Phrase
love seats,love seats buy online,SEM_Sofas,Phrase
love seats,love seats best price,SEM_Sofas,Phrase
love seats,love seats lowest price,SEM_Sofas,Phrase
love seats,love seats offer,SEM_Sofas,Phrase
recliners,recliners buy,SEM_Sofas,Phrase
recliners,recliners price,SEM_Sofas,Phrase
recliners,recliners discount,SEM_Sofas,Phrase
recliners,recliners shop,SEM_Sofas,Phrase
recliners,recliners sale,SEM_Sofas,Phrase
recliners,recliners discounts,SEM_Sofas,Phrase
recliners,recliners buy online,SEM_Sofas,Phrase
recliners,recliners best price,SEM_Sofas,Phrase
recliners,recliners lowest price,SEM_Sofas,Phrase
recliners,recliners offer,SEM_Sofas,Phrase
sofa beds,sofa beds buy,SEM_Sofas,Phrase
sofa beds,sofa beds price,SEM_Sofas,Phrase
sofa beds,sofa beds discount,SEM_Sofas,Phrase
sofa beds,sofa beds shop,SEM_Sofas,Phrase
sofa beds,sofa beds sale,SEM_Sofas,Phrase
sofa beds,sofa beds discounts,SEM_Sofas,Phrase
sofa beds,sofa beds buy online,SEM_Sofas,Phrase
sofa beds,sofa beds best price,SEM_Sofas,Phrase
sofa beds,sofa beds lowest price,SEM_Sofas,Phrase
sofa beds,sofa beds offer,SEM_Sofas,Phrase
